First tree

0 0 0 0 0
0 0 0 1 s_Y0(0, 0, 0, 0) + s_Y0(0, 1, 1, 0)
0 0 1 0 s_Y0(0, 1, 1, 0) + s_Y0(0, 0, 0, 0)
0 0 1 1 s_Y0(0, 1, 1, 0) + s_Y0(0, 1, 1, 0)
0 1 0 0 s_p2neg(0, 1, 2, 0, 1) + s_p2neg(0, 2, 2, 0, 0) + 1
0 1 0 1 s_Y0(1, 1, 0, 0) + s_Y0(1, 2, 1, 0) + s_p2neg(1, 1, 2, 1, 1) + s_p2neg(1, 2, 2, 1, 0)
0 1 1 0 s_Y0(1, 2, 1, 0) + s_Y0(1, 3, 0, 0) + s_p2neg(1, 2, 2, 0, 1) + s_p2neg(1, 3, 2, 0, 0)
0 1 1 1 s_Y0(1, 2, 1, 0) + s_Y0(1, 4, 1, 0) + s_p2neg(2, 2, 2, 1, 1) + s_p2neg(2, 3, 2, 1, 0) + 1
1 0 0 0 s_p2neg(0, 0, 2, 0, 0) + s_p2neg(0, 1, 2, 0, 1) + 1
1 0 0 1 s_Y0(1, 0, 0, 1) + s_Y0(1, 1, 1, 1) + s_p2neg(1, 0, 2, 1, 0) + s_p2neg(1, 1, 2, 1, 1)
1 0 1 0 s_Y0(1, 1, 1, 1) + s_Y0(1, 2, 0, 1) + s_p2neg(1, 1, 2, 0, 0) + s_p2neg(1, 2, 2, 0, 1)
1 0 1 1 s_Y0(1, 1, 1, 1) + s_Y0(1, 3, 1, 1) + s_p2neg(2, 1, 2, 1, 0) + s_p2neg(2, 2, 2, 1, 1) + 1
1 1 0 0 s_p2neg(0, 1, 2, 0, 1) + s_p2neg(0, 3, 2, 0, 1)
1 1 0 1 s_Y0(2, 1, 0, 1) + s_Y0(2, 2, 1, 1) + s_p2neg(1, 1, 2, 1, 1) + s_p2neg(1, 3, 2, 1, 1)
1 1 1 0 s_Y0(2, 2, 1, 1) + s_Y0(2, 3, 0, 1) + s_p2neg(1, 2, 2, 0, 1) + s_p2neg(1, 4, 2, 0, 1)
1 1 1 1 s_Y0(2, 2, 1, 1) + s_Y0(2, 4, 1, 1) + s_p2neg(2, 2, 2, 1, 1) + s_p2neg(2, 4, 2, 1, 1)

Second tree
0 0 0 0 0
0 0 0 1 s_p2neg(0, 0, 1, 0, 0) + s_p2neg(0, 1, 1, 1, 0)
0 0 1 0 s_p2neg(0, 1, 1, 1, 0) + s_p2neg(0, 2, 1, 0, 0)
0 0 1 1 s_p2neg(0, 1, 1, 1, 0) + s_p2neg(0, 3, 1, 1, 0)
0 1 0 0 s_p2neg(0, 1, 2, 0, 1) + s_p2neg(0, 2, 2, 0, 0) + 1
0 1 0 1 s_p2neg(1, 1, 1, 0, 0) + s_p2neg(1, 1, 2, 1, 1) + s_p2neg(1, 2, 1, 1, 0) + s_p2neg(1, 2, 2, 1, 0)
0 1 1 0 s_p2neg(1, 2, 1, 1, 0) + s_p2neg(1, 2, 2, 0, 1) + s_p2neg(1, 3, 1, 0, 0) + s_p2neg(1, 3, 2, 0, 0)
0 1 1 1 s_p2neg(1, 2, 1, 1, 0) + s_p2neg(1, 4, 1, 1, 0) + s_p2neg(2, 2, 2, 1, 1) + s_p2neg(2, 3, 2, 1, 0) + 1
1 0 0 0 s_p2neg(0, 0, 2, 0, 0) + s_p2neg(0, 1, 2, 0, 1) + 1
1 0 0 1 s_p2neg(1, 0, 1, 0, 1) + s_p2neg(1, 0, 2, 1, 0) + s_p2neg(1, 1, 1, 1, 1) + s_p2neg(1, 1, 2, 1, 1)
1 0 1 0 s_p2neg(1, 1, 1, 1, 1) + s_p2neg(1, 1, 2, 0, 0) + s_p2neg(1, 2, 1, 0, 1) + s_p2neg(1, 2, 2, 0, 1)
1 0 1 1 s_p2neg(1, 1, 1, 1, 1) + s_p2neg(1, 3, 1, 1, 1) + s_p2neg(2, 1, 2, 1, 0) + s_p2neg(2, 2, 2, 1, 1) + 1
1 1 0 0 s_p2neg(0, 1, 2, 0, 1) + s_p2neg(0, 3, 2, 0, 1)
1 1 0 1 s_p2neg(1, 1, 2, 1, 1) + s_p2neg(1, 3, 2, 1, 1) + s_p2neg(2, 1, 1, 0, 1) + s_p2neg(2, 2, 1, 1, 1)
1 1 1 0 s_p2neg(1, 2, 2, 0, 1) + s_p2neg(1, 4, 2, 0, 1) + s_p2neg(2, 2, 1, 1, 1) + s_p2neg(2, 3, 1, 0, 1)
1 1 1 1 s_p2neg(2, 2, 1, 1, 1) + s_p2neg(2, 2, 2, 1, 1) + s_p2neg(2, 4, 1, 1, 1) + s_p2neg(2, 4, 2, 1, 1)

Third tree
0 0 0 0 0
0 0 0 1 s_p2neg(0, 0, 1, 0, 0) + s_p2neg(0, 1, 1, 1, 0)
0 0 1 0 s_p2neg(0, 1, 1, 1, 0) + s_p2neg(0, 2, 1, 0, 0)
0 0 1 1 s_p2neg(0, 1, 1, 1, 0) + s_p2neg(0, 3, 1, 1, 0)
0 1 0 0 s_Y0(1, 0, 0, 1) + s_Y0(2, 0, 0, 0)
0 1 0 1 s_Y0(1, 1, 1, 1) + s_Y0(2, 1, 1, 0) + s_p2neg(1, 1, 1, 0, 0) + s_p2neg(1, 2, 1, 1, 0)
0 1 1 0 s_Y0(2, 1, 0, 1) + s_Y0(3, 1, 0, 0) + s_p2neg(1, 2, 1, 1, 0) + s_p2neg(1, 3, 1, 0, 0)
0 1 1 1 s_Y0(2, 2, 1, 1) + s_Y0(3, 2, 1, 0) + s_p2neg(1, 2, 1, 1, 0) + s_p2neg(1, 4, 1, 1, 0)
1 0 0 0 s_Y0(0, 0, 0, 0) + s_Y0(1, 0, 0, 1)
1 0 0 1 s_Y0(0, 1, 1, 0) + s_Y0(1, 1, 1, 1) + s_p2neg(1, 0, 1, 0, 1) + s_p2neg(1, 1, 1, 1, 1)
1 0 1 0 s_Y0(1, 1, 0, 0) + s_Y0(2, 1, 0, 1) + s_p2neg(1, 1, 1, 1, 1) + s_p2neg(1, 2, 1, 0, 1)
1 0 1 1 s_Y0(1, 2, 1, 0) + s_Y0(2, 2, 1, 1) + s_p2neg(1, 1, 1, 1, 1) + s_p2neg(1, 3, 1, 1, 1)
1 1 0 0 s_Y0(1, 0, 0, 1) + s_Y0(3, 0, 0, 1)
1 1 0 1 s_Y0(1, 1, 1, 1) + s_Y0(3, 1, 1, 1) + s_p2neg(2, 1, 1, 0, 1) + s_p2neg(2, 2, 1, 1, 1)
1 1 1 0 s_Y0(2, 1, 0, 1) + s_Y0(4, 1, 0, 1) + s_p2neg(2, 2, 1, 1, 1) + s_p2neg(2, 3, 1, 0, 1)
1 1 1 1 s_Y0(2, 2, 1, 1) + s_Y0(4, 2, 1, 1) + s_p2neg(2, 2, 1, 1, 1) + s_p2neg(2, 4, 1, 1, 1)

Fourth tree
0 0 0 0 s_p2neg(0, 0, 1, 0, 0) + s_p2neg(0, 0, 2, 0, 0)
0 0 0 1 s_p2neg(0, 0, 2, 0, 0) + s_p2neg(0, 1, 1, 1, 0)
0 0 1 0 s_Y0(0, 2, 0, 0) + s_Y0(1, 1, 0, 0) + s_p2neg(1, 0, 2, 1, 0) + s_p2neg(1, 1, 1, 0, 0)
0 0 1 1 s_Y0(0, 3, 1, 0) + s_Y0(1, 2, 1, 0) + s_p2neg(1, 0, 2, 1, 0) + s_p2neg(1, 2, 1, 1, 0)
0 1 0 0 s_Y0(1, 1, 0, 0) + s_Y0(2, 0, 0, 0) + s_p2neg(1, 0, 1, 0, 0) + s_p2neg(1, 1, 2, 0, 0)
0 1 0 1 s_Y0(1, 2, 1, 0) + s_Y0(2, 1, 1, 0) + s_p2neg(1, 1, 1, 1, 0) + s_p2neg(1, 1, 2, 0, 0)
0 1 1 0 s_Y0(1, 3, 0, 0) + s_Y0(3, 1, 0, 0) + s_p2neg(2, 1, 1, 0, 0) + s_p2neg(2, 1, 2, 1, 0) + 1
0 1 1 1 s_Y0(1, 4, 1, 0) + s_Y0(3, 2, 1, 0) + s_p2neg(2, 1, 2, 1, 0) + s_p2neg(2, 2, 1, 1, 0) + 1
1 0 0 0 s_p2neg(0, 0, 1, 0, 1) + s_p2neg(0, 1, 2, 0, 1) + 1
1 0 0 1 s_p2neg(0, 1, 1, 1, 1) + s_p2neg(0, 1, 2, 0, 1) + 1
1 0 1 0 s_Y0(1, 2, 0, 1) + s_Y0(2, 1, 0, 1) + s_p2neg(1, 1, 1, 0, 1) + s_p2neg(1, 1, 2, 1, 1)
1 0 1 1 s_Y0(1, 3, 1, 1) + s_Y0(2, 2, 1, 1) + s_p2neg(1, 1, 2, 1, 1) + s_p2neg(1, 2, 1, 1, 1)
1 1 0 0 s_Y0(2, 1, 0, 1) + s_Y0(3, 0, 0, 1) + s_p2neg(1, 0, 1, 0, 1) + s_p2neg(1, 2, 2, 0, 1)
1 1 0 1 s_Y0(2, 2, 1, 1) + s_Y0(3, 1, 1, 1) + s_p2neg(1, 1, 1, 1, 1) + s_p2neg(1, 2, 2, 0, 1)
1 1 1 0 s_Y0(2, 3, 0, 1) + s_Y0(4, 1, 0, 1) + s_p2neg(2, 1, 1, 0, 1) + s_p2neg(2, 2, 2, 1, 1)
1 1 1 1 s_Y0(2, 4, 1, 1) + s_Y0(4, 2, 1, 1) + s_p2neg(2, 2, 1, 1, 1) + s_p2neg(2, 2, 2, 1, 1)
