First tree 

0 1 0 0 	s_p2neg(0, 1, 2, 0, 1) + s_p2neg(0, 0, 2, 0, 0) + 1					a)

0 1 0 1 	s_Y0(1, 1, 0, 0) + s_Y0(1, 0, 1, 0) + s_p2neg(1, 1, 2, 1, 1) + s_p2neg(1, 0, 2, 1, 0)	b)

0 1 1 0 	s_Y0(1, 0, 1, 0) + s_Y0(1, 1, 0, 0) + s_p2neg(1, 0, 2, 0, 1) + s_p2neg(1, 1, 2, 0, 0)	c)

0 1 1 1 	s_p2neg(1, 1, 2, 1, 1) + s_p2neg(2, 1, 2, 1, 0) + 1					d)

1 0 0 0 	s_p2neg(0, 0, 2, 0, 0) + s_p2neg(0, 1, 2, 0, 1) + 1					e)

1 0 0 1 	s_Y0(1, 0, 0, 1) + s_Y0(1, 1, 1, 1) + s_p2neg(1, 0, 2, 1, 0) + s_p2neg(1, 1, 2, 1, 1)	f)

1 0 1 0 	s_Y0(1, 1, 1, 1) + s_Y0(1, 0, 0, 1) + s_p2neg(1, 1, 2, 0, 0) + s_p2neg(1, 0, 2, 0, 1)	g)
	
1 0 1 1  	s_p2neg(0, 1, 2, 1, 0) + s_p2neg(0, 0, 2, 1, 1) + 1					h)

1 1 0 0 	s_p2neg(0, 1, 2, 0, 1) + s_p2neg(0, 1, 2, 0, 1)						i)

1 1 0 1 	s_Y0(0, 1, 0, 1) + s_Y0(0, 0, 1, 1) + s_p2neg(1, 1, 2, 1, 1) + s_p2neg(1, 1, 2, 1, 1)	j)

1 1 1 0 	s_Y0(0, 0, 1, 1) + s_Y0(0, 1, 0, 1) + s_p2neg(1, 0, 2, 0, 1) + s_p2neg(1, 0, 2, 0, 1) 	k)



s_p2neg(0, 1, 2, 0, 1) = s_p2neg(0, 0, 2, 0, 0) + 1							a), e)

s_p2neg(1, 1, 2, 1, 1) = s_p2neg(2, 1, 2, 1, 0) + 1					d)

s_p2neg(0, 1, 2, 1, 0) = s_p2neg(0, 0, 2, 1, 1) + 1					h)

s_p2neg(0, 1, 2, 0, 1) = s_p2neg(0, 1, 2, 0, 1)						i)


s_p2neg(1, 1, 2, 1, 1) + s_p2neg(1, 0, 2, 1, 0) = s_p2neg(1, 0, 2, 0, 1) + s_p2neg(1, 1, 2, 0, 0)	b) + c), f) + g)




s_Y0(0, 0, 0, 0)  
s_Y0(0, 1, 1, 0)						
s_Y0(1, 0, 0, 1) 

s_Y0(1, 0, 1, 0)  
s_Y0(0, 1, 0, 1) 
s_Y0(0, 0, 1, 1)
