Fourth tree

0 0 0 0 	s_p2neg(0, 0, 1, 0, 0) + s_p2neg(0, 0, 2, 0, 0)							a)

0 0 0 1 	s_p2neg(0, 0, 2, 0, 0) + s_p2neg(0, 1, 1, 1, 0)							b)

0 0 1 0 	s_Y0(0, 0, 0, 0) + s_Y0(1, 1, 0, 0) + s_p2neg(1, 0, 2, 1, 0) + s_p2neg(1, 1, 1, 0, 0)		c)

0 0 1 1 	s_Y0(0, 1, 1, 0) + s_Y0(1, 0, 1, 0) + s_p2neg(1, 0, 2, 1, 0) + s_p2neg(1, 0, 1, 1, 0)		d)

0 1 0 0 	s_Y0(1, 1, 0, 0) + s_Y0(0, 0, 0, 0) + s_p2neg(1, 0, 1, 0, 1) + s_p2neg(1, 1, 2, 0, 0)		e)

0 1 0 1 	s_Y0(1, 0, 1, 0) + s_Y0(0, 1, 1, 0) + s_p2neg(1, 1, 1, 1, 1) + s_p2neg(1, 1, 2, 0, 0)		f)

0 1 1 0 	s_p2neg(0, 1, 1, 0, 1) + s_p2neg(0, 1, 2, 1, 0) + 1						g)

0 1 1 1 	s_p2neg(0, 1, 2, 1, 0) + s_p2neg(0, 0, 1, 1, 1) + 1						h)

1 0 0 0 	s_p2neg(0, 0, 1, 0, 0) + s_p2neg(0, 1, 2, 0, 1) + 1						i)

1 0 0 1 	s_p2neg(0, 1, 1, 1, 0) + s_p2neg(0, 1, 2, 0, 1) + 1						j)

1 0 1 0 	s_Y0(1, 0, 0, 1) + s_Y0(0, 1, 0, 1) + s_p2neg(1, 1, 1, 0, 0) + s_p2neg(1, 1, 2, 1, 1)		k)

1 0 1 1 	s_Y0(1, 1, 1, 1) + s_Y0(0, 0, 1, 1) + s_p2neg(1, 1, 2, 1, 1) + s_p2neg(1, 0, 1, 1, 0)		l)

1 1 0 0 	s_Y0(0, 1, 0, 1) + s_Y0(1, 0, 0, 1) + s_p2neg(1, 0, 1, 0, 1) + s_p2neg(1, 0, 2, 0, 1)		m)

1 1 0 1 	s_Y0(0, 0, 1, 1) + s_Y0(1, 1, 1, 1) + s_p2neg(1, 1, 1, 1, 1) + s_p2neg(1, 0, 2, 0, 1)		n)

1 1 1 0 	s_p2neg(0, 1, 1, 0, 1) + s_p2neg(0, 0, 2, 1, 1)							o)

1 1 1 1 	s_p2neg(0, 0, 1, 1, 1) + s_p2neg(0, 0, 2, 1, 1)							p)


Simplified relations

s_p2neg(0, 0, 1, 0, 0) + s_p2neg(0, 0, 2, 0, 0)							a)

s_p2neg(0, 0, 2, 0, 0) + s_p2neg(0, 1, 1, 1, 0)							b)

s_p2neg(0, 1, 1, 0, 1) + s_p2neg(0, 1, 2, 1, 0) + 1						g)

s_p2neg(0, 1, 2, 1, 0) + s_p2neg(0, 0, 1, 1, 1) + 1						h)

s_p2neg(0, 0, 1, 0, 0) + s_p2neg(0, 1, 2, 0, 1) + 1						i)

s_p2neg(0, 1, 1, 1, 0) + s_p2neg(0, 1, 2, 0, 1) + 1						j)

s_p2neg(0, 1, 1, 0, 1) + s_p2neg(0, 0, 2, 1, 1)							o)

s_p2neg(0, 0, 1, 1, 1) + s_p2neg(0, 0, 2, 1, 1)							p)



More complicated relations

s_p2neg(1, 0, 2, 1, 0) + s_p2neg(1, 1, 1, 0, 0)	=  s_p2neg(1, 0, 1, 0, 1) + s_p2neg(1, 1, 2, 0, 0)		c), e)

s_p2neg(1, 0, 2, 1, 0) + s_p2neg(1, 0, 1, 1, 0) = s_p2neg(1, 1, 1, 1, 1) + s_p2neg(1, 1, 2, 0, 0)		d), f)

s_p2neg(1, 1, 1, 0, 0) + s_p2neg(1, 1, 2, 1, 1) = s_p2neg(1, 0, 1, 0, 1) + s_p2neg(1, 0, 2, 0, 1)		k), m)

s_p2neg(1, 1, 2, 1, 1) + s_p2neg(1, 0, 1, 1, 0)	= s_p2neg(1, 1, 1, 1, 1) + s_p2neg(1, 0, 2, 0, 1)		l), n)


Using 
s_Y0(1, 0, 0, 1) = s_Y0(1, 0, 1, 0) = s_Y0(0, 0, 1, 1) =s_Y0(0, 0, 0, 0) = s_Y0(0, 1, 1, 0)  = s_Y0(0, 1, 0, 1) = n

s_Y0(1, 1, 0, 0) = s_Y0(1, 1, 1, 1) 

we get 

s_p2neg(1, 0, 2, 1, 0) + s_p2neg(1, 0, 1, 1, 0)		d)

s_p2neg(1, 1, 1, 1, 1) + s_p2neg(1, 1, 2, 0, 0)		f)

 s_p2neg(1, 1, 1, 0, 0) + s_p2neg(1, 1, 2, 1, 1)	k)

s_p2neg(1, 0, 1, 0, 1) + s_p2neg(1, 0, 2, 0, 1)		m)


s_Y0(0, 0, 0, 0)  
s_Y0(0, 1, 1, 0)						
s_Y0(1, 0, 0, 1) 

s_Y0(1, 0, 1, 0)  
s_Y0(0, 1, 0, 1) 
s_Y0(0, 0, 1, 1)
