Third tree


0 0 0 1 	s_p2neg(0, 0, 1, 0, 0) + s_p2neg(0, 1, 1, 1, 0)							a)

0 1 0 1 	s_Y0(1, 1, 1, 1) + s_Y0(0, 1, 1, 0) + s_p2neg(1, 1, 1, 0, 0) + s_p2neg(1, 0, 1, 1, 0)		b)

0 1 1 0 	s_Y0(0, 1, 0, 1) + s_Y0(1, 1, 0, 0) + s_p2neg(1, 0, 1, 1, 0) + s_p2neg(1, 1, 1, 0, 0)		c)

1 0 0 1 	s_Y0(0, 1, 1, 0) + s_Y0(1, 1, 1, 1) + s_p2neg(1, 0, 1, 0, 1) + s_p2neg(1, 1, 1, 1, 1)		d)
	
1 0 1 0 	s_Y0(1, 1, 0, 0) + s_Y0(0, 1, 0, 1) + s_p2neg(1, 1, 1, 1, 1) + s_p2neg(1, 0, 1, 0, 1)		e)

1 1 0 1 	s_p2neg(0, 1, 1, 0, 1) + s_p2neg(0, 0, 1, 1, 1)							f)


Simplified relations

s_p2neg(0, 0, 1, 0, 0) = s_p2neg(0, 1, 1, 1, 0)							a)

s_p2neg(0, 1, 1, 0, 1) = s_p2neg(0, 0, 1, 1, 1)							f)



s_p2neg(1, 1, 1, 0, 0) + s_p2neg(1, 0, 1, 1, 0)	=  s_p2neg(1, 0, 1, 0, 1) + s_p2neg(1, 1, 1, 1, 1)	b) + d)

s_p2neg(1, 0, 1, 1, 0) + s_p2neg(1, 1, 1, 0, 0) = s_p2neg(1, 1, 1, 1, 1) + s_p2neg(1, 0, 1, 0, 1)	c) + e)

s_Y0(0, 0, 0, 0)  
s_Y0(0, 1, 1, 0)						
s_Y0(1, 0, 0, 1) 

s_Y0(1, 0, 1, 0)  
s_Y0(0, 1, 0, 1) 
s_Y0(0, 0, 1, 1)
