Second tree


0 0 0 1 	s_p2neg(0, 0, 1, 0, 0) + s_p2neg(0, 1, 1, 1, 0)								a)

0 0 1 0 	s_p2neg(0, 1, 1, 1, 0) + s_p2neg(0, 0, 1, 0, 0)								b)

0 1 0 0 	s_p2neg(0, 1, 2, 0, 1) + s_p2neg(0, 0, 2, 0, 0) + 1							c)

0 1 0 1 	s_p2neg(1, 1, 1, 0, 0) + s_p2neg(1, 1, 2, 1, 1) + s_p2neg(1, 0, 1, 1, 0) + s_p2neg(1, 0, 2, 1, 0)	d)

0 1 1 0 	s_p2neg(1, 0, 1, 1, 0) + s_p2neg(1, 0, 2, 0, 1) + s_p2neg(1, 1, 1, 0, 0) + s_p2neg(1, 1, 2, 0, 0)	e)

0 1 1 1 	s_p2neg(0, 0, 2, 1, 1) + s_p2neg(0, 1, 2, 1, 0) + 1							f)

1 0 0 0 	s_p2neg(0, 0, 2, 0, 0) + s_p2neg(0, 1, 2, 0, 1) + 1							g)

1 0 0 1 	s_p2neg(1, 0, 1, 0, 1) + s_p2neg(1, 0, 2, 1, 0) + s_p2neg(1, 1, 1, 1, 1) + s_p2neg(1, 1, 2, 1, 1)	h)

1 0 1 0 	s_p2neg(1, 1, 1, 1, 1) + s_p2neg(1, 1, 2, 0, 0) + s_p2neg(1, 0, 1, 0, 1) + s_p2neg(1, 0, 2, 0, 1)	i)

1 0 1 1 	s_p2neg(0, 1, 2, 1, 0) + s_p2neg(0, 0, 2, 1, 1) + 1							j)

1 1 0 1 	s_p2neg(0, 1, 1, 0, 1) + s_p2neg(0, 0, 1, 1, 1)								k)

1 1 1 0 	s_p2neg(0, 0, 1, 1, 1) + s_p2neg(0, 1, 1, 0, 1)								l)


Simplified relations

s_p2neg(0, 0, 1, 0, 0) = s_p2neg(0, 1, 1, 1, 0)								a), b)

s_p2neg(0, 1, 2, 0, 1) = s_p2neg(0, 0, 2, 0, 0) +1							c), g)

s_p2neg(0, 0, 2, 1, 1) + s_p2neg(0, 1, 2, 1, 0) + 1							f), j)

s_p2neg(0, 1, 1, 0, 1) + s_p2neg(0, 0, 1, 1, 1)								k), l)



s_p2neg(1, 1, 1, 0, 0) + s_p2neg(1, 1, 2, 1, 1) + s_p2neg(1, 0, 1, 1, 0) + s_p2neg(1, 0, 2, 1, 0)	d)

s_p2neg(1, 0, 1, 1, 0) + s_p2neg(1, 0, 2, 0, 1) + s_p2neg(1, 1, 1, 0, 0) + s_p2neg(1, 1, 2, 0, 0)	e)

s_p2neg(1, 0, 1, 0, 1) + s_p2neg(1, 0, 2, 1, 0) + s_p2neg(1, 1, 1, 1, 1) + s_p2neg(1, 1, 2, 1, 1)	h)

s_p2neg(1, 1, 1, 1, 1) + s_p2neg(1, 1, 2, 0, 0) + s_p2neg(1, 0, 1, 0, 1) + s_p2neg(1, 0, 2, 0, 1)	i)


